324
432
216
504
378
504
252
560
120
648
1210
448
252
180
80
144
392
810
150
392
200
504
540
900
640
1331
140
640
648
294
490
392
150
441
432
112
640
441
720
1100
252
210
900
125
504
140
252
504
36
80
96
392
140
300
392
200
441
180
448
512
294
125
420
60
96
150
720
48
294
441
576
216
336
336
252
360
324
360
448
512
270
250
336
729
160
448
128
80
648
384
343
900
1000
288
512
560
210
216
240
270
1210
700
288
560
125
252
125
180
180
490
294
480
252
378
210
294
810
600
600
64
80
900
576
560
810
448
120
336
270
175
200
100
252
576
250
210
270
140
80
420
378
378
180
490
900
150
900
448
200
1331
504
441
180
1331
486
252
640
504
125
180
810
294
252
200
216
720
729
560
560
336
392
576
216
48
120
160
576
180
360
80
175
504
392
125
144
120
294
288
240
125
441
600
270
560
576
343
810
1210
120
448
1000
270
392
270
80
343
810
648
560
300
180
448
252
540
648
225
216
200
80
810
343
64
150
448
144
210
294
288
252
240
250
378
576
324
96
100
900
324
504
100
441
150
800
84
300
336
120
810
1331
420
180
144
343
270
252
343
140
180
144
640
300
720
576
576
270
392
216
480
288
448
160
250
112
150
125
392
108
120
1000
343
448
200
490
210
392
560
180
392
216
216
216
560
252
160
392
576
648
576
324
175
504
216
252
810
252
180
512
200
343
640
1000
150
240
900
448
180
576
486
378
96
1000
1210
294
225
392
100
512
300
448
64
252
560
288
441
448
100
160
64
252
640
252
270
560
576
225
448
216
210
640
1210
160
504
150
64
300
324
540
288
640
504
294
125
560
1331
343
900
294
175
60
504
180
1000
210
720
84
288
420
576
392
160
640
225
810
810
180
540
216
180
480
125
490
729
294
144
72
420
1000
810
600
504
360
810
252
210
640
504
378
294
120
216
729
810
448
36
80
120
294
810
490
448
648
150
210
378
540
160
560
729
384
120
576
1452
216
560
343
490
288
640
1100
1100
560
294
294
560
252
150
180
729
576
180
1000
448
100
324
420
648
448
64
392
432
441
120
560
1452
648
504
270
441
576
336
225
343
336
900
140
1452
441
294
200
576
252
216
576
250
360
490
1100
216
200
150
300
392
210
64
180
288
180
125
324
288
216
336
336
84
252
1452
225
448
180
324
216
448
80
336
576
100
640
576
160
420
160
252
250
250
504
210
512
343
240
216
100
144
64
729
630
225
448
294
150
490
112
540
175
240
810
448
150
336
36
576
1000
1100
1210
378
729
252
900
343
490
576
900
441
1100
810
336
576
420
180
392
175
240
576
392
432
160
540
270
125
1000
294
1100
252
729
48
288
360
150
1000
392
80
441
504
486
48
567
210
180
112
180
270
27
150
210
441
250
324
175
448
252
210
112
252
420
392
648
180
900
80
480
288
504
300
648
180
480
1000
120
378
150
324
700
150
630
640
160
80
216
336
504
729
324
640
225
84
288
252
576
900
100
360
240
64
512
100
420
512
150
240
360
1000
150
80
125
1000
294
200
294
125
480
729
160
1210
125
392
175
1210
630
378
96
240
729
300
100
160
441
360
125
512
810
490
216
180
180
360
343
96
240
1000
378
180
60
729
560
441
343
150
140
512
576
648
216
252
810
392
378
441
640
180
486
216
720
120
160
108
810
64
512
720
490
240
200
336
294
175
392
720
288
392
1000
600
720
48
336
125
1210
504
900
729
180
480
1000
1100
200
392
648
512
810
216
640
1000
448
378
343
720
900
392
96
1100
560
210
216
64
225
630
900
80
560
648
80
441
448
250
560
252
18
441
270
448
1000
225
729
64
378
504
720
648
392
1000
1100
648
96
64
560
240
324
324
700
504
448
392
512
441
448
270
640
252
120
441
180
378
180
560
140
216
720
300
378
294
810
240
175
60
648
560
175
100
252
64
180
112
720
560
140
294
810
576
210
576
378
294
360
100
720
180
84
720
576
420
175
144
36
60
448
720
160
343
270
100
1000
810
1210
900
288
100
270
324
490
420
36
567
175
150
216
512
100
720
300
448
560
700
80
252
1000
576
252
200
324
250
810
900
216
150
125
392
448
560
100
125
48
120
324
